1.865523026975208776e-01 7.421285862283277801e-01 8.495898578498253251e-01 1.761908427492091533e-01 3.825935603556978037e-01 6.331722488409030625e-01 1.176004873756675284e-02 7.005109093983339363e-01 4.348645741447991764e-01
5.908909088343352600e-01 7.685865165584114811e-01 2.373589414151426880e-01 8.764773891777705161e-01 2.999456546335084184e-01 4.006730872817416689e-01 6.605532124614160727e-01 4.319802286895529919e-01 8.286879558003623636e-01
3.543673889321148351e-01 4.832553330516724532e-01 7.019961431997218115e-01 2.331056067348591387e-02 8.096152337244804098e-01 2.210029200454790566e-01 2.795104407963101556e-01 7.490053086634422819e-01 2.683369740672313375e-01
7.435857381161081747e-02 4.879073716593196330e-01 3.989325918853505737e-01 1.204432183802115475e-01 5.137393891422517012e-01 4.111975048488806239e-01 6.078478511854804589e-01 3.585091449013056986e-01 3.859497002792553477e-01
4.302591362368732852e-01 1.068524453014252362e-02 6.670000729343912305e-01 6.168524044052454691e-01 7.945617263294743049e-01 9.320990715892637501e-01 3.250953581774063128e-02 9.771264601301034025e-01 1.205184897205155981e-01
5.351487650305418731e-01 9.109332327822613484e-01 1.523089125491976503e-01 5.632018921047514670e-01 8.710832531358292385e-03 3.482572252420964576e-01 5.502893103836665745e-01 2.163453443410220389e-01 8.521207312922672861e-01
1.781060205268715224e-01 9.004485108820338146e-01 9.484848087224895252e-02 1.055330054545523533e-01 9.502759177014743486e-01 3.284230561947382165e-01 5.616048235710449088e-01 7.945883301665689347e-01 5.639990498715902190e-01
7.940200576452576264e-01 8.688501073968999400e-01 4.527769803464610776e-01 3.108788035570976271e-01 7.372191420700299203e-01 7.622797178904342497e-01 8.364578538811339170e-01 8.728898990808547920e-01 7.682804143192221158e-01
1.728627227568496627e-01 6.445017213146639889e-01 7.826579926865462333e-02 9.811906039694671122e-01 8.005851487545228018e-01 6.122848856758676961e-01 3.680382415540526253e-01 9.711495881636850180e-01 4.780066821806961963e-01
5.673572771737149800e-01 9.336467262908952902e-01 9.169438279848096673e-01 8.870203396306362009e-01 3.680999101195374656e-01 9.172698249146880034e-01 8.904290505480978446e-01 2.142220720149109470e-01 2.593425703359488743e-01
9.187928162428452561e-01 8.026619069456654154e-01 2.806310850428297421e-01 6.991984771123227471e-01 1.710343101106963637e-01 9.311675010625719562e-02 6.334817719264167479e-01 7.401187051803318484e-01 2.386568321245541302e-01
9.252515179750632202e-01 1.951414609261485911e-01 9.408324760192355862e-01 2.706565871999865314e-01 4.082047156297176072e-01 7.870875955268067381e-01 9.354235950784144382e-01 7.730349520329615753e-01 9.167330763127079507e-02
8.830777082640420828e-01 9.289817566329979792e-01 4.566204989341271503e-02 7.583515877385118564e-01 1.927329810221782846e-01 7.249596360638118631e-01 2.551817540363617853e-01 2.016751421214537654e-01 4.923516959917980662e-01
5.172097070122063656e-01 8.912943982598444670e-01 8.236219619677772608e-01 8.749933575659818441e-02 8.383865071037053252e-01 2.187594745920481420e-01 2.230389130487731020e-02 6.334705278024838071e-01 8.927112636651707289e-01
2.524365432975382850e-01 2.368135670212477839e-01 1.308571258559438899e-01 2.710522975613252061e-01 1.046612432369364853e-03 8.424891712511126673e-01 7.301743748683318103e-01 7.688813579829839595e-01 2.475934078691087725e-01
6.716870859608582434e-01 9.408954916547744851e-01 5.722000227875406742e-01 2.799785731300040714e-01 9.867076365161853158e-01 8.842006630983491045e-01 7.425305040068608253e-01 1.833234807422614576e-01 5.639536553390105400e-01
3.709975883716408740e-01 9.128283680777151687e-01 4.950480233676434194e-01 5.373299671573074088e-01 4.473116610711003194e-01 2.255887839315262600e-01 2.186439207734336421e-01 7.896583384476768552e-01 8.609543799665246855e-01
8.084541110377104767e-01 7.881903254496807065e-01 3.705620330998463663e-01 9.508483804572589460e-01 6.288116893291684217e-02 5.411553104248296719e-01 9.356856913471376380e-01 6.602833993644592336e-01 5.142938474845475394e-01
