3.309413607268243407e-01 9.733821177968615679e-01 7.896928235776141669e-01 6.014422771215918173e-01 9.981026618027664110e-01 3.749688770408576843e-01 6.227549452433234212e-01 4.039514723642646521e-01 4.522200985705993048e-02 2.815102520351089321e-01
3.203096744013257391e-01 3.676024080231398150e-01 3.407128747324663642e-01 8.539890870898425579e-01 2.289097656155258953e-02 4.479696903004032338e-01 9.076818087485231112e-01 6.315235778870541550e-01 2.104947898826949881e-01 3.124931673983610825e-01
4.646680698819196653e-01 3.243062377000891505e-01 8.979039758682915151e-01 7.454418322869210689e-01 3.294555211794965022e-01 7.316274052604895273e-01 7.080820020040657914e-01 5.228327034260296102e-01 7.525618466314143440e-01 7.340733010242422862e-01
1.449374533128535703e-01 7.627767093715744906e-01 2.224244208422023750e-01 9.002100448695801171e-01 3.406773545693995153e-01 9.846747870402491332e-01 7.890439356221026213e-01 1.408817439186299536e-01 9.229241616294927564e-01 6.156293104489576340e-01
8.585351746389544569e-01 3.382093638127398050e-01 9.030526711439706977e-01 9.612185349146218361e-01 8.031493053493325984e-01 1.617462593773154600e-01 1.685562428947591229e-01 7.761475452850188361e-01 7.606405717999723537e-01 8.301087062385531512e-01
6.663702722929240041e-01 2.092381776899336909e-01 5.767528334424982805e-01 6.800102005618777756e-01 7.709283090111301862e-01 2.267869899377750187e-01 3.222884264598389059e-01 8.430099900040349814e-01 9.876585942023797804e-01 4.185841297754676615e-01
7.271822169449512208e-01 2.961658848018344781e-02 9.600296378443492484e-01 7.703186459416095921e-01 4.108326197237233135e-02 4.327658771953339922e-01 3.188552908916497675e-01 2.252841559230179813e-01 8.012619392872706303e-01 4.494713908953595904e-01
3.610423565515591404e-01 5.041918639284964643e-01 8.012620375226066072e-01 2.584551673016325379e-01 4.498470797602797111e-01 1.273639069965766257e-01 6.117713198029406385e-01 5.416993928899584976e-01 5.639848384614916110e-01 5.843644488274448712e-01
8.238865188500963388e-01 1.994986022481122223e-01 9.774759973668234458e-02 5.938116632568802844e-01 8.135304032566026411e-02 5.980586652002014558e-01 4.240186666580323394e-01 2.283973222283062210e-01 4.483717841192215170e-01 7.117889350291326522e-01
2.210438727368199130e-01 8.692464184241086578e-01 3.287046510583436776e-01 1.130483936513092535e-01 9.922472646813370600e-01 3.856990386231885504e-01 9.389783593192982947e-01 9.205627290106134231e-01 2.609136878531395087e-01 2.695919848667672758e-01
4.038203763675952684e-01 2.189005608351491938e-01 1.581869269401035005e-01 6.975341905173244594e-01 1.598970508268530155e-01 4.146216243278076918e-01 9.095979585851510230e-01 8.960339895149502798e-01 6.815613723103589594e-01 2.371493184433256518e-01
5.309593372784309206e-01 1.588478059073601401e-01 4.782933708975523057e-02 9.014045906644920780e-01 3.896596797648397281e-01 2.560909453185813422e-01 3.976117077297047775e-01 2.675687028359283737e-01 9.321794435379503474e-01 2.408076642624341623e-01
4.590544266851797062e-01 9.037679838337364657e-04 2.262030964995862536e-01 1.089285165450384341e-01 1.685573468860724899e-01 8.278507239716575983e-01 5.902343020882023783e-01 6.099941048914792052e-01 8.739325062375866704e-01 8.474713599053768087e-01
7.657268494450817364e-01 7.292702993209958517e-01 2.763168687571636584e-01 4.906799564876384023e-01 1.339813489768207910e-01 9.278480249847713690e-01 4.747137101655439784e-01 8.742500786445416283e-01 1.916059692203520015e-02 6.725024227450389080e-01
1.734777227131493182e-01 3.531097972207529745e-01 4.639141445928304242e-01 1.303038144064236903e-01 6.682512099611357392e-01 8.126295620580155088e-01 4.134572816533228501e-01 4.383416441414311748e-02 7.010961964704548466e-01 7.765377531221950846e-02
9.009902987877529412e-01 8.040983784476385399e-02 8.400050079574430395e-01 3.854958229323820484e-01 9.201769127540920801e-01 2.986411928819472372e-01 7.473287436233264636e-01 4.419357873261297032e-01 9.494761173606480753e-03 3.365120613818221029e-01
4.873813182305164471e-01 2.099074563842038277e-01 5.695016108699707535e-01 7.751823442496377226e-01 1.646178441656442892e-02 1.443713258566170499e-02 2.278479374491814147e-01 2.199058062651565448e-01 9.869589575918344959e-01 7.446883575206857397e-01
8.460853944940445182e-01 9.987950537816172591e-01 3.448139834504959644e-02 8.903024092970324155e-01 4.186216845782597673e-02 2.207406608689210792e-01 9.596477587738569959e-01 3.936324502702688299e-01 1.713716888193970167e-01 4.297078728573855422e-02
2.065436097568071894e-01 1.279676997368206504e-01 8.174821254724751185e-02 8.597136677058403453e-02 2.505626255595089225e-01 3.077465964198122794e-02 9.225713532824166840e-01 5.802217895899989264e-01 2.154543489548532698e-01 2.801000034914842285e-01
2.648097795335461191e-01 5.692881223195028761e-01 8.302938999525384389e-01 5.190171792055783273e-01 5.272022863654057812e-02 8.876487773741051912e-01 5.395550547248880724e-01 9.026291352836959270e-01 3.731122754305095102e-01 3.302396240802585314e-02
